<?xml version="1.0" encoding="UTF-8"?>
<document version="1.1.0">
  <chunk>
    <sensors>
      <sensor id="0" label="Fast Camera (4.12 mm)" type="frame">
        <resolution width="3264" height="2448"/>
        <property name="pixel_width" value="1.3239635699564738e-03"/>
        <property name="pixel_height" value="1.3239635699564738e-03"/>
        <property name="focal_length" value="4.1200000000000001e+00"/>
        <property name="fixed" value="false"/>
        <calibration type="frame" class="adjusted">
          <resolution width="3264" height="2448"/>
          <fx>2.9814019203824264e+03</fx>
          <fy>2.9814019203824264e+03</fy>
          <cx>1.6988963870820814e+03</cx>
          <cy>1.2243362763924047e+03</cy>
          <k1>1.2246807645000267e-01</k1>
          <k2>-3.1251454540716200e-01</k2>
          <k3>7.7376552115642039e-02</k3>
        </calibration>
      </sensor>
    </sensors>
    <cameras>
      <camera id="0" label="IMG_9719.JPG" sensor_id="0" enabled="true">
        <transform>1.0000000000000000e+00 0.0000000000000000e+00 0.0000000000000000e+00 0.0000000000000000e+00 0.0000000000000000e+00 1.0000000000000000e+00 0.0000000000000000e+00 0.0000000000000000e+00 0.0000000000000000e+00 0.0000000000000000e+00 1.0000000000000000e+00 0.0000000000000000e+00 0.0000000000000000e+00 0.0000000000000000e+00 0.0000000000000000e+00 1.0000000000000000e+00</transform>
        <orientation>6</orientation>
      </camera>
      <camera id="1" label="IMG_9723.JPG" sensor_id="0" enabled="true">
        <transform>9.9988262146214624e-01 -4.1787779518372113e-03 1.4740458365181733e-02 -1.1160575604218827e-01 5.0347301576324933e-03 9.9827368537386407e-01 -5.8517523720022155e-02 8.1687736439831715e-01 -1.4470479958392634e-02 5.8584869248917579e-02 9.9817754848767315e-01 -4.3188271060708622e-01 0.0000000000000000e+00 0.0000000000000000e+00 0.0000000000000000e+00 1.0000000000000000e+00</transform>
        <orientation>6</orientation>
      </camera>
      <camera id="2" label="IMG_9731.JPG" sensor_id="0" enabled="true">
        <transform>9.9535529624755936e-01 -8.0470444551138290e-02 5.2842613350170389e-02 -3.6163724851619672e-01 9.5838205439720034e-02 8.8018103309507023e-01 -4.6486168626569863e-01 6.1420908361035371e+00 -9.1034394614037915e-03 4.6776688268135974e-01 8.8380499594454409e-01 9.4605832742345453e-01 0.0000000000000000e+00 0.0000000000000000e+00 0.0000000000000000e+00 1.0000000000000000e+00</transform>
        <orientation>6</orientation>
      </camera>
      <camera id="3" label="IMG_9740.JPG" sensor_id="0" enabled="true">
        <transform>9.9105418628602893e-01 -4.3354082314570760e-02 1.2622211926440782e-01 -8.6112722145303144e-01 1.2633190844204600e-01 6.0970033170409765e-01 -7.8249968334134412e-01 9.1184374020820442e+00 -4.3033112301197447e-02 7.9144546815720329e-01 6.0972307007287974e-01 2.8928124640063877e+00 0.0000000000000000e+00 0.0000000000000000e+00 0.0000000000000000e+00 1.0000000000000000e+00</transform>
        <orientation>6</orientation>
      </camera>
      <camera id="4" label="IMG_9746.JPG" sensor_id="0" enabled="true">
        <transform>9.8998275307217776e-01 -4.4014085926353891e-02 1.3415255815562810e-01 -1.6470711950121801e+00 1.4104827459310235e-01 2.6599763455482656e-01 -9.5359878494340888e-01 1.2025518237673266e+01 6.2875157208899801e-03 9.6296833730466158e-01 2.6954118144497896e-01 6.4794346079580531e+00 0.0000000000000000e+00 0.0000000000000000e+00 0.0000000000000000e+00 1.0000000000000000e+00</transform>
        <orientation>6</orientation>
      </camera>
      <camera id="5" label="IMG_9752.JPG" sensor_id="0" enabled="true">
        <transform>9.8172166439685471e-01 -4.8028490878634006e-02 1.8416253071075647e-01 -1.5166203435229959e+00 1.8637418686484658e-01 4.6531308800157788e-02 -9.8137632933131813e-01 1.2123538803003539e+01 3.8564700495875764e-02 9.9776154534300698e-01 5.4632064855706028e-02 9.3593649845032587e+00 0.0000000000000000e+00 0.0000000000000000e+00 0.0000000000000000e+00 1.0000000000000000e+00</transform>
        <orientation>6</orientation>
      </camera>
      <camera id="6" label="IMG_9756.JPG" sensor_id="0" enabled="true">
        <transform>9.7792548710435678e-01 -4.3667125305111326e-02 2.0434021591281046e-01 -1.5181361704087410e+00 1.9568418855200884e-01 -1.5155117471698551e-01 -9.6888592713107535e-01 1.1786063070217674e+01 7.3276462949900506e-02 9.8748439157765400e-01 -1.3966079037461596e-01 1.2172227384844497e+01 0.0000000000000000e+00 0.0000000000000000e+00 0.0000000000000000e+00 1.0000000000000000e+00</transform>
        <orientation>6</orientation>
      </camera>
      <camera id="7" label="IMG_9761.JPG" sensor_id="0" enabled="true">
        <transform>9.9553403960426035e-01 -5.3650548259048796e-02 7.7676216828102190e-02 4.4639457794297394e-01 6.7362757216114025e-02 -1.7273844828108756e-01 -9.8266153248495725e-01 1.2240018841457109e+01 6.6137999134126713e-02 9.8350548913412039e-01 -1.6835295635535699e-01 1.1741234453149014e+01 0.0000000000000000e+00 0.0000000000000000e+00 0.0000000000000000e+00 1.0000000000000000e+00</transform>
        <orientation>6</orientation>
      </camera>
      <camera id="8" label="IMG_9766.JPG" sensor_id="0" enabled="true">
        <transform>9.9301695538753076e-01 -7.8571763279007709e-02 -8.7998888220852431e-02 3.2381011773941601e+00 -8.2637409730428060e-02 6.9066724330674081e-02 -9.9418350725772753e-01 1.2604488186630217e+01 8.4192546142303246e-02 9.9451307965529445e-01 6.2091461318106313e-02 8.8590618765850344e+00 0.0000000000000000e+00 0.0000000000000000e+00 0.0000000000000000e+00 1.0000000000000000e+00</transform>
        <orientation>6</orientation>
      </camera>
      <camera id="9" label="IMG_9772.JPG" sensor_id="0" enabled="true">
        <transform>9.6406622378034923e-01 -7.9132592740749963e-02 -2.5360273841586234e-01 6.1041651539429003e+00 -1.9209062573101676e-01 4.5178501766787404e-01 -8.7120117614538661e-01 1.1684251843439212e+01 1.8351432552300684e-01 8.8861033674888401e-01 4.2035004668831727e-01 4.2440427023468494e+00 0.0000000000000000e+00 0.0000000000000000e+00 0.0000000000000000e+00 1.0000000000000000e+00</transform>
        <orientation>6</orientation>
      </camera>
      <camera id="10" label="IMG_9779.JPG" sensor_id="0" enabled="true">
        <transform>9.3338323579081539e-01 -6.2433509411880812e-02 -3.5340881716106609e-01 7.6346281614790037e+00 -1.5528533619837612e-01 8.1753446172609934e-01 -5.5454834618090276e-01 8.1968212965114304e+00 3.2354628649765793e-01 5.7248533674910285e-01 7.5337795275734065e-01 6.4598294345466545e-01 0.0000000000000000e+00 0.0000000000000000e+00 0.0000000000000000e+00 1.0000000000000000e+00</transform>
        <orientation>6</orientation>
      </camera>
      <camera id="11" label="IMG_9783.JPG" sensor_id="0" enabled="true">
        <transform>9.2815220899624895e-01 -1.4698747835040590e-02 -3.7191050502434758e-01 7.7595629446696117e+00 -1.4521219312549649e-01 9.0573489285557029e-01 -3.9819307230487089e-01 6.3231467646560224e+00 3.4270526097955784e-01 4.2358971974776549e-01 8.3852540415955357e-01 -5.3345687326203151e-01 0.0000000000000000e+00 0.0000000000000000e+00 0.0000000000000000e+00 1.0000000000000000e+00</transform>
        <orientation>6</orientation>
      </camera>
      <camera id="12" label="IMG_9788.JPG" sensor_id="0" enabled="true">
        <transform>9.2029943553245164e-01 4.1022678022763479e-02 -3.8905795049901193e-01 7.5868022677274469e+00 -1.1363339683227484e-01 9.7964129812622147e-01 -1.6550038709903475e-01 3.0215086171911949e+00 3.7434796658057290e-01 1.9651988930744968e-01 9.0622487994072309e-01 -1.1809924280405200e+00 0.0000000000000000e+00 0.0000000000000000e+00 0.0000000000000000e+00 1.0000000000000000e+00</transform>
        <orientation>6</orientation>
      </camera>
      <camera id="13" label="IMG_9795.JPG" sensor_id="0" enabled="true">
        <transform>9.1149105133233488e-01 1.0575064353425087e-01 -3.9749322602173554e-01 7.3965879763678881e+00 -1.4202468423963222e-02 9.7390005436495575e-01 2.2653250097635541e-01 -1.2969901058404740e+00 4.1107463219194285e-01 -2.0083696248456845e-01 8.8920310462134067e-01 -5.9879202668809195e-01 0.0000000000000000e+00 0.0000000000000000e+00 0.0000000000000000e+00 1.0000000000000000e+00</transform>
        <orientation>6</orientation>
      </camera>
      <camera id="14" label="IMG_9800.JPG" sensor_id="0" enabled="true">
        <transform>8.9621020270702678e-01 1.0334868428947783e-01 -4.3142359928435042e-01 8.0014095720613980e+00 8.6586258249108594e-02 9.1303359900005465e-01 3.9858809186856808e-01 -3.2953011963432250e+00 4.3509779641621787e-01 -3.9457406979253112e-01 8.0932145097057095e-01 -1.9851329168649504e-01 0.0000000000000000e+00 0.0000000000000000e+00 0.0000000000000000e+00 1.0000000000000000e+00</transform>
        <orientation>6</orientation>
      </camera>
      <camera id="15" label="IMG_9808.JPG" sensor_id="0" enabled="true">
        <transform>9.2043731619239832e-01 1.2587557426132637e-01 -3.7006821906902004e-01 5.9965322931872738e+00 1.4437991010314397e-01 7.7030486422553335e-01 6.2111581666311688e-01 -6.4592655543177351e+00 3.6324865934940903e-01 -6.2512859153526479e-01 6.9084343778166779e-01 2.2412608375753056e+00 0.0000000000000000e+00 0.0000000000000000e+00 0.0000000000000000e+00 1.0000000000000000e+00</transform>
        <orientation>6</orientation>
      </camera>
      <camera id="16" label="IMG_9814.JPG" sensor_id="0" enabled="true">
        <transform>9.5705509881839868e-01 1.1039847526663912e-01 -2.6806289277799406e-01 5.3365299383852571e+00 1.4735826929101473e-01 6.1104497489826393e-01 7.7775933239218464e-01 -7.2214854638149220e+00 2.4966192800918177e-01 -7.8385981866044208e-01 5.6853558058608511e-01 3.8840278118928686e+00 0.0000000000000000e+00 0.0000000000000000e+00 0.0000000000000000e+00 1.0000000000000000e+00</transform>
        <orientation>6</orientation>
      </camera>
      <camera id="17" label="IMG_9823.JPG" sensor_id="0" enabled="true">
        <transform>9.9518789450085254e-01 9.5841101246967528e-02 -2.0384747992752930e-02 1.8068585176307543e+00 -2.6033957706433436e-02 4.5919163665003709e-01 8.8795567112148110e-01 -8.8481426517921964e+00 9.4463155172263641e-02 -8.8315203908637874e-01 4.5947708122655256e-01 4.7839874527089643e+00 0.0000000000000000e+00 0.0000000000000000e+00 0.0000000000000000e+00 1.0000000000000000e+00</transform>
        <orientation>6</orientation>
      </camera>
      <camera id="18" label="IMG_9828.JPG" sensor_id="0" enabled="true">
        <transform>9.9286903607153487e-01 7.6424235514700151e-02 9.1489963582762082e-02 5.2001372217723996e-01 -1.1040491265883232e-01 3.0002057905681356e-01 9.4752224638960858e-01 -9.4858047864170469e+00 4.4964791461510126e-02 -9.5086644086770045e-01 3.0631875417678067e-01 6.0240452644332230e+00 0.0000000000000000e+00 0.0000000000000000e+00 0.0000000000000000e+00 1.0000000000000000e+00</transform>
        <orientation>6</orientation>
      </camera>
      <camera id="19" label="IMG_9835.JPG" sensor_id="0" enabled="true">
        <transform>9.7784081735812467e-01 1.0911932196516401e-01 1.7866255758344421e-01 -5.1704136833725600e-01 -1.8885233205077018e-01 9.1486535813018355e-02 9.7773463191395593e-01 -1.0051724110299753e+01 9.0344521623506840e-02 -9.8980967227987637e-01 1.1006670738158526e-01 8.7485882592700772e+00 0.0000000000000000e+00 0.0000000000000000e+00 0.0000000000000000e+00 1.0000000000000000e+00</transform>
        <orientation>6</orientation>
      </camera>
      <camera id="20" label="IMG_9844.JPG" sensor_id="0" enabled="true">
        <transform>9.5611000454870010e-01 1.5078197244698946e-01 2.5123386711763196e-01 -1.7541530881409877e+00 -2.2379159012226521e-01 -1.7767076526579512e-01 9.5830601759584866e-01 -1.0136950922920180e+01 1.8913218497239620e-01 -9.7246999745743423e-01 -1.3612905881076703e-01 1.1569834629397818e+01 0.0000000000000000e+00 0.0000000000000000e+00 0.0000000000000000e+00 1.0000000000000000e+00</transform>
        <orientation>6</orientation>
      </camera>
      <camera id="21" label="IMG_9873.JPG" sensor_id="0" enabled="true">
        <transform>8.3723602617180359e-01 3.1375032477925252e-02 5.4594087941557945e-01 -4.6185158100710959e+00 -4.6040288855898914e-01 5.7913991262171760e-01 6.7277495629300033e-01 -8.8842371430243396e+00 -2.9506781709733465e-01 -8.1462418878002785e-01 4.9932195462236123e-01 3.5124539905592838e+00 0.0000000000000000e+00 0.0000000000000000e+00 0.0000000000000000e+00 1.0000000000000000e+00</transform>
        <orientation>6</orientation>
      </camera>
      <camera id="22" label="IMG_9887.JPG" sensor_id="0" enabled="true">
        <transform>9.1763131042987245e-01 -9.5354978401913995e-03 3.9731832628220753e-01 -3.8464373686704265e+00 -1.0594952529245685e-01 9.5766475819496388e-01 2.6768061005923521e-01 -2.6605741042684374e+00 -3.8305022674455902e-01 -2.8772779704491708e-01 8.7777288554535615e-01 3.3509309961814998e-01 0.0000000000000000e+00 0.0000000000000000e+00 0.0000000000000000e+00 1.0000000000000000e+00</transform>
        <orientation>6</orientation>
      </camera>
      <camera id="23" label="IMG_9896.JPG" sensor_id="0" enabled="true">
        <transform>9.8301806011345427e-01 1.7544932155079958e-02 1.8266819330812589e-01 -1.3641634300189582e+00 -2.7020207381480938e-02 9.9840794487364981e-01 4.9512463140474382e-02 -2.8329903438167708e-01 -1.8150868266791803e-01 -5.3607377932974050e-02 9.8192710887688006e-01 -3.4197386356484272e-01 0.0000000000000000e+00 0.0000000000000000e+00 0.0000000000000000e+00 1.0000000000000000e+00</transform>
        <orientation>6</orientation>
      </camera>
      <camera id="24" label="IMG_9906.JPG" sensor_id="0" enabled="true">
        <transform>9.9990773448516712e-01 1.3561251019145019e-02 7.8421141040002835e-04 1.5334267534818224e+00 -1.3534721071391195e-02 9.9953393327259532e-01 -2.7362886582641632e-02 3.0067429214182340e-01 -1.1549208891099884e-03 2.7349747849123009e-02 9.9962525850957229e-01 -7.0065624021741291e-01 0.0000000000000000e+00 0.0000000000000000e+00 0.0000000000000000e+00 1.0000000000000000e+00</transform>
        <orientation>6</orientation>
      </camera>
      <camera id="25" label="IMG_9918.JPG" sensor_id="0" enabled="true">
        <transform>9.5861185183473419e-01 1.2054431942032668e-02 -2.8446090802171148e-01 5.2913543353633994e+00 -2.7026873096853209e-02 9.9844440329280837e-01 -4.8768039368774725e-02 5.8632388006693514e-01 2.8343053055835093e-01 5.4437709391768792e-02 9.5744643199689716e-01 -1.8833966757728429e+00 0.0000000000000000e+00 0.0000000000000000e+00 0.0000000000000000e+00 1.0000000000000000e+00</transform>
        <orientation>6</orientation>
      </camera>
      <camera id="26" label="IMG_9931.JPG" sensor_id="0" enabled="true">
        <transform>9.9766245852377688e-01 1.9452609633551610e-02 6.5507364706098622e-02 -7.7905985953953838e-01 -1.6358550896343957e-02 9.9874004240821945e-01 -4.7441811759246340e-02 6.9833960643150039e-01 -6.6347695249080699e-02 4.6259308996921857e-02 9.9672366263988255e-01 -1.2371426557052714e+00 0.0000000000000000e+00 0.0000000000000000e+00 0.0000000000000000e+00 1.0000000000000000e+00</transform>
        <orientation>6</orientation>
      </camera>
    </cameras>
    <region>
      <center>3.2361706286582734e+00 5.3038905179308293e-01 9.4811063225796914e+00</center>
      <size>1.3721134185791016e+01 9.4925260543823242e+00 1.2982095718383789e+01</size>
      <R>-1.5440242487781417e-01 -9.8695463485360124e-01 -4.5611839831841194e-02 -6.0552807879479376e-01 5.8049990026757432e-02 7.9370394004879385e-01 -7.8070201548538154e-01 1.5016906272227967e-01 -6.0659180312478278e-01</R>
    </region>
    <settings>
      <property name="accuracy_tiepoints" value="4.0000000000000000e+00"/>
      <property name="accuracy_cameras" value="1.0000000000000000e+01"/>
      <property name="accuracy_markers" value="5.0000000000000001e-03"/>
      <property name="accuracy_scalebars" value="1.0000000000000000e-03"/>
      <property name="accuracy_projections" value="1.0000000000000001e-01"/>
    </settings>
  </chunk>
</document>
